CNN + lightGBM
recision:  0.9839408631479586

recall:  0.8803332090288898

Fscore:  0.9292580211001605

accuracy:  0.9739849600051091

BotRecall:  0.0

DoSHulkRecall:  0.897745046923879

SSHPatatorRecall:  0.4942708333333333

InfiltrationRecall:  0.0

WebAttackSqlInjectionRecall:  0.0

DDoSRecall:  0.826424202657418

DoSGoldenEyeRecall:  0.0005866823115283074

WebAttackBruteForceRecall:  0.0

WebAttackXSSRecall:  0.0

HeartbleedRecall:  0.0

BENIGNRecall:  0.9965396415755461

DoSSlowhttptestRecall:  0.5574931880108992

FTPPatatorRecall:  0.635506973237844

PortScanRecall:  0.9780176161493971

DoSslowlorisRecall:  0.5072239422084623



CNN（no pooling）
precision:  0.9775424357895779

recall:  0.6001020767763182

Fscore:  0.7436722800121981

accuracy:  0.9261333862773115

BotRecall:  0.026234567901234566

DoSHulkRecall:  0.8650547445255474

SSHPatatorRecall:  0.44166666666666665

InfiltrationRecall:  0.0

WebAttackSqlInjectionRecall:  0.0

DDoSRecall:  0.6201813793265062

DoSGoldenEyeRecall:  0.997946611909651

WebAttackBruteForceRecall:  0.4738955823293173

WebAttackXSSRecall:  0.03508771929824561

HeartbleedRecall:  1.0

BENIGNRecall:  0.9970032239446237

DoSSlowhttptestRecall:  0.2435967302452316

FTPPatatorRecall:  0.1601960045231813

PortScanRecall:  0.004914376441235399

DoSslowlorisRecall:  0.14860681114551083


lightGBM
accuracy:  0.9984315123807583

precision:  0.9961156341672924

recall:  0.9959004218406512

Fscore:  0.9960080163784767

BotRecall:  0.8348765432098766

DoSHulkRecall:  0.9983706986444213

SSHPatatorRecall:  0.9916666666666667

InfiltrationRecall:  0.8823529411764706

WebAttackSqlInjectionRecall:  1.0

DDoSRecall:  0.997773767956319

DoSGoldenEyeRecall:  0.9750733137829912

WebAttackBruteForceRecall:  0.6465863453815262

WebAttackXSSRecall:  0.49122807017543857

HeartbleedRecall:  1.0

BENIGNRecall:  0.9990504088920821

DoSSlowhttptestRecall:  0.9367847411444141

FTPPatatorRecall:  0.9962306822465133

PortScanRecall:  0.9984500812762258

DoSslowlorisRecall:  0.9267285861713106